given that 30 processes, with the following data <each row of data contains: start time, then burst time, then with/without priority>

0.0 5.0 8 
1.0 7.0 10 
3.0 9.0 19 
4.0 5.0 15 
6.0 6.0 28 
7.0 9.0 33 
8.0 8.0 41 
9.0 8.0 55 
10.0 9.0 48 
11.0 7.0 63 
12.0 9.0 73 
13.0 6.0 68 
14.0 9.0 80 
15.0 9.0 96 
16.0 9.0 88 
17.0 6.0 109 
18.0 6.0 105 
19.0 6.0 122 
21.0 9.0 115 
22.0 5.0 128 
23.0 9.0 131 
25.0 5.0 142 
26.0 5.0 139 
27.0 7.0 145 
31.0 6.0 156 
32.0 9.0 148 
33.0 5.0 161 
34.0 9.0 171 
36.0 6.0 166 
37.0 7.0 177 

The solution of the below table is solved by the EP with aging algorithm.

+--------+--------------+--------------+------------+----------------+--------------------+------------+--------------+
|  Pid   |  Start Time  |  Burst Time  |  Priority  |  Finish Time   |  TurnAround Time   |  WTA Time  |  Wait Time   |
+--------+--------------+--------------+------------+----------------+--------------------+------------+--------------+
|   2    |     0.0      |     5.0      |     8      |      5.0       |        5.0         |    1.0     |     0.0      |
|   19   |     1.0      |     7.0      |     10     |      12.0      |        11.0        |   1.571    |     4.0      |
|   7    |     3.0      |     9.0      |     19     |      26.0      |        23.0        |   2.556    |     14.0     |
|   8    |     4.0      |     5.0      |     15     |      17.0      |        13.0        |    2.6     |     8.0      |
|   9    |     6.0      |     6.0      |     28     |      32.0      |        26.0        |   4.333    |     20.0     |
|   10   |     7.0      |     9.0      |     33     |      41.0      |        34.0        |   3.778    |     25.0     |
|   11   |     8.0      |     8.0      |     41     |      49.0      |        41.0        |   5.125    |     33.0     |
|   12   |     9.0      |     8.0      |     55     |      66.0      |        57.0        |   7.125    |     49.0     |
|   13   |     10.0     |     9.0      |     48     |      58.0      |        48.0        |   5.333    |     39.0     |
|   14   |     11.0     |     7.0      |     63     |      73.0      |        62.0        |   8.857    |     55.0     |
|   15   |     12.0     |     9.0      |     73     |      88.0      |        76.0        |   8.444    |     67.0     |
|   16   |     13.0     |     6.0      |     68     |      79.0      |        66.0        |    11.0    |     60.0     |
|   17   |     14.0     |     9.0      |     80     |      97.0      |        83.0        |   9.222    |     74.0     |
|   18   |     15.0     |     9.0      |     96     |     115.0      |       100.0        |   11.111   |     91.0     |
|   20   |     16.0     |     9.0      |     88     |     106.0      |        90.0        |    10.0    |     81.0     |
|   21   |     17.0     |     6.0      |    109     |     127.0      |       110.0        |   18.333   |    104.0     |
|   22   |     18.0     |     6.0      |    105     |     121.0      |       103.0        |   17.167   |     97.0     |
|   23   |     19.0     |     6.0      |    122     |     142.0      |       123.0        |    20.5    |    117.0     |
|   24   |     21.0     |     9.0      |    115     |     136.0      |       115.0        |   12.778   |    106.0     |
|   25   |     22.0     |     5.0      |    128     |     147.0      |       125.0        |    25.0    |    120.0     |
|   26   |     23.0     |     9.0      |    131     |     156.0      |       133.0        |   14.778   |    124.0     |
|   27   |     25.0     |     5.0      |    142     |     166.0      |       141.0        |    28.2    |    136.0     |
|   28   |     26.0     |     5.0      |    139     |     161.0      |       135.0        |    27.0    |    130.0     |
|   29   |     27.0     |     7.0      |    145     |     173.0      |       146.0        |   20.857   |    139.0     |
|   30   |     31.0     |     6.0      |    156     |     188.0      |       157.0        |   26.167   |    151.0     |
|   1    |     32.0     |     9.0      |    148     |     182.0      |       150.0        |   16.667   |    141.0     |
|   3    |     33.0     |     5.0      |    161     |     193.0      |       160.0        |    32.0    |    155.0     |
|   4    |     34.0     |     9.0      |    171     |     208.0      |       174.0        |   19.333   |    165.0     |
|   6    |     36.0     |     6.0      |    166     |     199.0      |       163.0        |   27.167   |    157.0     |
|   5    |     37.0     |     7.0      |    177     |     215.0      |       178.0        |   25.429   |    171.0     |
+--------+--------------+--------------+------------+----------------+--------------------+------------+--------------+

given that 10 processes, with the following data <each row of data contains: start time, then burst time, then with/without priority>

2.0 9.0
4.0 7.0
5.0 7.0
6.0 9.0
8.0 8.0
9.0 8.0
11.0 6.0
12.0 5.0
13.0 7.0
14.0 5.0

The solution of the below table is solved by the Multiprogrammed with IO percentage algorithm. And the percentage of IO waiting time is 90%

+--------+--------------+--------------+------------+----------------+--------------------+------------+--------------+
|  Pid   |  Start Time  |  Burst Time  |  Priority  |  Finish Time   |  TurnAround Time   |  WTA Time  |  Wait Time   |
+--------+--------------+--------------+------------+----------------+--------------------+------------+--------------+
|   2    |     2.0      |     0.9      |     1      |      13.0      |        11.0        |   1.222    |     2.0      |
|   1    |     4.0      |     0.7      |     1      |      13.0      |        9.0         |   1.286    |     2.0      |
|   5    |     5.0      |     0.7      |     1      |      14.0      |        9.0         |   1.286    |     2.0      |
|   7    |     6.0      |     0.9      |     1      |     17.609     |       11.609       |    1.29    |    2.609     |
|   3    |     8.0      |     0.8      |     1      |     18.531     |       10.531       |   1.316    |    2.531     |
|   4    |     9.0      |     0.8      |     1      |     19.468     |       10.468       |   1.309    |    2.468     |
|   6    |     11.0     |     0.6      |     1      |     18.981     |       7.981        |    1.33    |    1.981     |
|   8    |     12.0     |     0.5      |     1      |     18.69      |        6.69        |   1.338    |     1.69     |
|   9    |     13.0     |     0.7      |     1      |     21.529     |       8.529        |   1.218    |    1.529     |
|   10   |     14.0     |     0.5      |     1      |     20.279     |       6.279        |   1.256    |    1.279     |
+--------+--------------+--------------+------------+----------------+--------------------+------------+--------------+

given that 10 processes, with the following data <each row of data contains: start time, then burst time, then with/without priority>

0.0 7.0
1.0 6.0
2.0 5.0
4.0 8.0
6.0 8.0
7.0 9.0
9.0 8.0
11.0 7.0
13.0 8.0
14.0 7.0

The solution of the below table is solved by the Multiprogrammed with IO percentage algorithm. And the percentage of IO waiting time is 50%

+--------+--------------+--------------+------------+----------------+--------------------+------------+--------------+
|  Pid   |  Start Time  |  Burst Time  |  Priority  |  Finish Time   |  TurnAround Time   |  WTA Time  |  Wait Time   |
+--------+--------------+--------------+------------+----------------+--------------------+------------+--------------+
|   4    |     0.0      |     3.5      |     1      |     17.96      |       17.96        |   2.566    |    10.96     |
|   2    |     1.0      |     3.0      |     1      |     17.96      |       16.96        |   2.827    |    10.96     |
|   3    |     2.0      |     2.5      |     1      |     16.833     |       14.833       |   2.967    |    9.833     |
|   1    |     4.0      |     4.0      |     1      |     31.774     |       27.774       |   3.472    |    19.774    |
|   7    |     6.0      |     4.0      |     1      |     34.633     |       28.633       |   3.579    |    20.633    |
|   9    |     7.0      |     4.5      |     1      |      37.7      |        30.7        |   3.411    |     21.7     |
|   5    |     9.0      |     4.0      |     1      |     37.133     |       28.133       |   3.517    |    20.133    |
|   6    |     11.0     |     3.5      |     1      |     36.207     |       25.207       |   3.601    |    18.207    |
|   8    |     13.0     |     4.0      |     1      |     38.42      |       25.42        |   3.178    |    17.42     |
|   10   |     14.0     |     3.5      |     1      |     37.623     |       23.623       |   3.375    |    16.623    |
+--------+--------------+--------------+------------+----------------+--------------------+------------+--------------+

given that 10 processes, with the following data <each row of data contains: start time, then burst time, then with/without priority>

0.0 8.0
2.0 7.0
3.0 9.0
4.0 6.0
5.0 9.0
8.0 9.0
9.0 7.0
11.0 5.0
12.0 8.0
13.0 5.0

The solution of the below table is solved by the Multiprogrammed with IO percentage algorithm. And the percentage of IO waiting time is 90%

+--------+--------------+--------------+------------+----------------+--------------------+------------+--------------+
|  Pid   |  Start Time  |  Burst Time  |  Priority  |  Finish Time   |  TurnAround Time   |  WTA Time  |  Wait Time   |
+--------+--------------+--------------+------------+----------------+--------------------+------------+--------------+
|   2    |     0.0      |     0.8      |     1      |      11.0      |        11.0        |   1.375    |     3.0      |
|   1    |     2.0      |     0.7      |     1      |      11.0      |        9.0         |   1.286    |     2.0      |
|   8    |     3.0      |     0.9      |     1      |     14.275     |       11.275       |   1.253    |    2.275     |
|   3    |     4.0      |     0.6      |     1      |      12.0      |        8.0         |   1.333    |     2.0      |
|   6    |     5.0      |     0.9      |     1      |     16.529     |       11.529       |   1.281    |    2.529     |
|   4    |     8.0      |     0.9      |     1      |     19.354     |       11.354       |   1.262    |    2.354     |
|   5    |     9.0      |     0.7      |     1      |     18.013     |       9.013        |   1.288    |    2.013     |
|   7    |     11.0     |     0.5      |     1      |     17.42      |        6.42        |   1.284    |     1.42     |
|   9    |     12.0     |     0.8      |     1      |     21.404     |       9.404        |   1.176    |    1.404     |
|   10   |     13.0     |     0.5      |     1      |     19.175     |       6.175        |   1.235    |    1.175     |
+--------+--------------+--------------+------------+----------------+--------------------+------------+--------------+

given that 100 processes, with the following data <each row of data contains: start time, then burst time, then with/without priority>

0.0 8.0
1.0 7.0
2.0 5.0
3.0 7.0
5.0 7.0
7.0 8.0
8.0 8.0
9.0 5.0
10.0 8.0
11.0 9.0
12.0 6.0
13.0 6.0
14.0 5.0
15.0 5.0
16.0 5.0
17.0 7.0
19.0 7.0
20.0 8.0
21.0 7.0
22.0 6.0
24.0 9.0
25.0 7.0
28.0 6.0
29.0 7.0
30.0 6.0
32.0 6.0
33.0 6.0
34.0 5.0
35.0 6.0
36.0 6.0
38.0 6.0
39.0 8.0
40.0 8.0
41.0 8.0
42.0 5.0
43.0 8.0
44.0 5.0
46.0 9.0
48.0 5.0
49.0 9.0
50.0 8.0
51.0 8.0
52.0 9.0
53.0 6.0
54.0 6.0
55.0 8.0
56.0 9.0
57.0 6.0
58.0 9.0
59.0 9.0
60.0 6.0
61.0 8.0
62.0 6.0
63.0 7.0
64.0 9.0
65.0 7.0
68.0 5.0
69.0 7.0
70.0 6.0
71.0 8.0
72.0 6.0
73.0 5.0
75.0 5.0
76.0 6.0
80.0 5.0
81.0 5.0
82.0 7.0
83.0 5.0
84.0 9.0
85.0 9.0
86.0 8.0
87.0 5.0
88.0 5.0
89.0 5.0
90.0 6.0
91.0 7.0
92.0 9.0
93.0 7.0
94.0 5.0
95.0 7.0
96.0 8.0
97.0 9.0
98.0 5.0
99.0 7.0
101.0 5.0
102.0 7.0
103.0 5.0
104.0 6.0
105.0 7.0
108.0 6.0
109.0 9.0
110.0 8.0
111.0 9.0
112.0 9.0
113.0 9.0
114.0 7.0
116.0 8.0
117.0 5.0
118.0 5.0
119.0 6.0

The solution of the below table is solved by the FJFS algorithm.

+--------+--------------+--------------+------------+----------------+--------------------+------------+--------------+
|  Pid   |  Start Time  |  Burst Time  |  Priority  |  Finish Time   |  TurnAround Time   |  WTA Time  |  Wait Time   |
+--------+--------------+--------------+------------+----------------+--------------------+------------+--------------+
|   1    |     0.0      |     8.0      |     1      |      8.0       |        8.0         |    1.0     |     0.0      |
|  100   |     1.0      |     7.0      |     1      |      15.0      |        14.0        |    2.0     |     7.0      |
|   2    |     2.0      |     5.0      |     1      |      20.0      |        18.0        |    3.6     |     13.0     |
|   3    |     3.0      |     7.0      |     1      |      27.0      |        24.0        |   3.429    |     17.0     |
|   4    |     5.0      |     7.0      |     1      |      34.0      |        29.0        |   4.143    |     22.0     |
|   5    |     7.0      |     8.0      |     1      |      42.0      |        35.0        |   4.375    |     27.0     |
|   6    |     8.0      |     8.0      |     1      |      50.0      |        42.0        |    5.25    |     34.0     |
|   7    |     9.0      |     5.0      |     1      |      55.0      |        46.0        |    9.2     |     41.0     |
|   8    |     10.0     |     8.0      |     1      |      63.0      |        53.0        |   6.625    |     45.0     |
|   9    |     11.0     |     9.0      |     1      |      72.0      |        61.0        |   6.778    |     52.0     |
|   10   |     12.0     |     6.0      |     1      |      78.0      |        66.0        |    11.0    |     60.0     |
|   11   |     13.0     |     6.0      |     1      |      84.0      |        71.0        |   11.833   |     65.0     |
|   12   |     14.0     |     5.0      |     1      |      89.0      |        75.0        |    15.0    |     70.0     |
|   13   |     15.0     |     5.0      |     1      |      94.0      |        79.0        |    15.8    |     74.0     |
|   14   |     16.0     |     5.0      |     1      |      99.0      |        83.0        |    16.6    |     78.0     |
|   15   |     17.0     |     7.0      |     1      |     106.0      |        89.0        |   12.714   |     82.0     |
|   16   |     19.0     |     7.0      |     1      |     113.0      |        94.0        |   13.429   |     87.0     |
|   17   |     20.0     |     8.0      |     1      |     121.0      |       101.0        |   12.625   |     93.0     |
|   18   |     21.0     |     7.0      |     1      |     128.0      |       107.0        |   15.286   |    100.0     |
|   19   |     22.0     |     6.0      |     1      |     134.0      |       112.0        |   18.667   |    106.0     |
|   20   |     24.0     |     9.0      |     1      |     143.0      |       119.0        |   13.222   |    110.0     |
|   21   |     25.0     |     7.0      |     1      |     150.0      |       125.0        |   17.857   |    118.0     |
|   22   |     28.0     |     6.0      |     1      |     156.0      |       128.0        |   21.333   |    122.0     |
|   23   |     29.0     |     7.0      |     1      |     163.0      |       134.0        |   19.143   |    127.0     |
|   24   |     30.0     |     6.0      |     1      |     169.0      |       139.0        |   23.167   |    133.0     |
|   26   |     32.0     |     6.0      |     1      |     175.0      |       143.0        |   23.833   |    137.0     |
|   25   |     33.0     |     6.0      |     1      |     181.0      |       148.0        |   24.667   |    142.0     |
|   27   |     34.0     |     5.0      |     1      |     186.0      |       152.0        |    30.4    |    147.0     |
|   28   |     35.0     |     6.0      |     1      |     192.0      |       157.0        |   26.167   |    151.0     |
|   29   |     36.0     |     6.0      |     1      |     198.0      |       162.0        |    27.0    |    156.0     |
|   31   |     38.0     |     6.0      |     1      |     204.0      |       166.0        |   27.667   |    160.0     |
|   30   |     39.0     |     8.0      |     1      |     212.0      |       173.0        |   21.625   |    165.0     |
|   32   |     40.0     |     8.0      |     1      |     220.0      |       180.0        |    22.5    |    172.0     |
|   33   |     41.0     |     8.0      |     1      |     228.0      |       187.0        |   23.375   |    179.0     |
|   35   |     42.0     |     5.0      |     1      |     233.0      |       191.0        |    38.2    |    186.0     |
|   34   |     43.0     |     8.0      |     1      |     241.0      |       198.0        |   24.75    |    190.0     |
|   36   |     44.0     |     5.0      |     1      |     246.0      |       202.0        |    40.4    |    197.0     |
|   37   |     46.0     |     9.0      |     1      |     255.0      |       209.0        |   23.222   |    200.0     |
|   38   |     48.0     |     5.0      |     1      |     260.0      |       212.0        |    42.4    |    207.0     |
|   39   |     49.0     |     9.0      |     1      |     269.0      |       220.0        |   24.444   |    211.0     |
|   40   |     50.0     |     8.0      |     1      |     277.0      |       227.0        |   28.375   |    219.0     |
|   41   |     51.0     |     8.0      |     1      |     285.0      |       234.0        |   29.25    |    226.0     |
|   43   |     52.0     |     9.0      |     1      |     294.0      |       242.0        |   26.889   |    233.0     |
|   42   |     53.0     |     6.0      |     1      |     300.0      |       247.0        |   41.167   |    241.0     |
|   45   |     54.0     |     6.0      |     1      |     306.0      |       252.0        |    42.0    |    246.0     |
|   44   |     55.0     |     8.0      |     1      |     314.0      |       259.0        |   32.375   |    251.0     |
|   47   |     56.0     |     9.0      |     1      |     323.0      |       267.0        |   29.667   |    258.0     |
|   46   |     57.0     |     6.0      |     1      |     329.0      |       272.0        |   45.333   |    266.0     |
|   49   |     58.0     |     9.0      |     1      |     338.0      |       280.0        |   31.111   |    271.0     |
|   48   |     59.0     |     9.0      |     1      |     347.0      |       288.0        |    32.0    |    279.0     |
|   51   |     60.0     |     6.0      |     1      |     353.0      |       293.0        |   48.833   |    287.0     |
|   50   |     61.0     |     8.0      |     1      |     361.0      |       300.0        |    37.5    |    292.0     |
|   53   |     62.0     |     6.0      |     1      |     367.0      |       305.0        |   50.833   |    299.0     |
|   52   |     63.0     |     7.0      |     1      |     374.0      |       311.0        |   44.429   |    304.0     |
|   54   |     64.0     |     9.0      |     1      |     383.0      |       319.0        |   35.444   |    310.0     |
|   55   |     65.0     |     7.0      |     1      |     390.0      |       325.0        |   46.429   |    318.0     |
|   59   |     68.0     |     5.0      |     1      |     395.0      |       327.0        |    65.4    |    322.0     |
|   57   |     69.0     |     7.0      |     1      |     402.0      |       333.0        |   47.571   |    326.0     |
|   56   |     70.0     |     6.0      |     1      |     408.0      |       338.0        |   56.333   |    332.0     |
|   58   |     71.0     |     8.0      |     1      |     416.0      |       345.0        |   43.125   |    337.0     |
|   62   |     72.0     |     6.0      |     1      |     422.0      |       350.0        |   58.333   |    344.0     |
|   60   |     73.0     |     5.0      |     1      |     427.0      |       354.0        |    70.8    |    349.0     |
|   61   |     75.0     |     5.0      |     1      |     432.0      |       357.0        |    71.4    |    352.0     |
|   63   |     76.0     |     6.0      |     1      |     438.0      |       362.0        |   60.333   |    356.0     |
|   65   |     80.0     |     5.0      |     1      |     443.0      |       363.0        |    72.6    |    358.0     |
|   66   |     81.0     |     5.0      |     1      |     448.0      |       367.0        |    73.4    |    362.0     |
|   67   |     82.0     |     7.0      |     1      |     455.0      |       373.0        |   53.286   |    366.0     |
|   64   |     83.0     |     5.0      |     1      |     460.0      |       377.0        |    75.4    |    372.0     |
|   69   |     84.0     |     9.0      |     1      |     469.0      |       385.0        |   42.778   |    376.0     |
|   71   |     85.0     |     9.0      |     1      |     478.0      |       393.0        |   43.667   |    384.0     |
|   68   |     86.0     |     8.0      |     1      |     486.0      |       400.0        |    50.0    |    392.0     |
|   70   |     87.0     |     5.0      |     1      |     491.0      |       404.0        |    80.8    |    399.0     |
|   75   |     88.0     |     5.0      |     1      |     496.0      |       408.0        |    81.6    |    403.0     |
|   72   |     89.0     |     5.0      |     1      |     501.0      |       412.0        |    82.4    |    407.0     |
|   73   |     90.0     |     6.0      |     1      |     507.0      |       417.0        |    69.5    |    411.0     |
|   74   |     91.0     |     7.0      |     1      |     514.0      |       423.0        |   60.429   |    416.0     |
|   77   |     92.0     |     9.0      |     1      |     523.0      |       431.0        |   47.889   |    422.0     |
|   76   |     93.0     |     7.0      |     1      |     530.0      |       437.0        |   62.429   |    430.0     |
|   79   |     94.0     |     5.0      |     1      |     535.0      |       441.0        |    88.2    |    436.0     |
|   78   |     95.0     |     7.0      |     1      |     542.0      |       447.0        |   63.857   |    440.0     |
|   83   |     96.0     |     8.0      |     1      |     550.0      |       454.0        |   56.75    |    446.0     |
|   81   |     97.0     |     9.0      |     1      |     559.0      |       462.0        |   51.333   |    453.0     |
|   80   |     98.0     |     5.0      |     1      |     564.0      |       466.0        |    93.2    |    461.0     |
|   82   |     99.0     |     7.0      |     1      |     571.0      |       472.0        |   67.429   |    465.0     |
|   86   |    101.0     |     5.0      |     1      |     576.0      |       475.0        |    95.0    |    470.0     |
|   85   |    102.0     |     7.0      |     1      |     583.0      |       481.0        |   68.714   |    474.0     |
|   84   |    103.0     |     5.0      |     1      |     588.0      |       485.0        |    97.0    |    480.0     |
|   87   |    104.0     |     6.0      |     1      |     594.0      |       490.0        |   81.667   |    484.0     |
|   88   |    105.0     |     7.0      |     1      |     601.0      |       496.0        |   70.857   |    489.0     |
|   89   |    108.0     |     6.0      |     1      |     607.0      |       499.0        |   83.167   |    493.0     |
|   91   |    109.0     |     9.0      |     1      |     616.0      |       507.0        |   56.333   |    498.0     |
|   92   |    110.0     |     8.0      |     1      |     624.0      |       514.0        |   64.25    |    506.0     |
|   90   |    111.0     |     9.0      |     1      |     633.0      |       522.0        |    58.0    |    513.0     |
|   94   |    112.0     |     9.0      |     1      |     642.0      |       530.0        |   58.889   |    521.0     |
|   93   |    113.0     |     9.0      |     1      |     651.0      |       538.0        |   59.778   |    529.0     |
|   95   |    114.0     |     7.0      |     1      |     658.0      |       544.0        |   77.714   |    537.0     |
|   96   |    116.0     |     8.0      |     1      |     666.0      |       550.0        |   68.75    |    542.0     |
|   97   |    117.0     |     5.0      |     1      |     671.0      |       554.0        |   110.8    |    549.0     |
|   99   |    118.0     |     5.0      |     1      |     676.0      |       558.0        |   111.6    |    553.0     |
|   98   |    119.0     |     6.0      |     1      |     682.0      |       563.0        |   93.833   |    557.0     |
+--------+--------------+--------------+------------+----------------+--------------------+------------+--------------+

